40960
40961
40962
40963
40964
40974
40975
40976
40977
40978
40979
40982
40983
40984
49177
40986
49179
40987
40988
40989
49181
40990
40991
49183
40992
40993
40994
40995
40998
40999
41000
41001
41002
41004
41005
41006
41007
41008
41010
41011
41012
41013
41014
41016
41017
41018
41019
41020
32828
41023
41024
41025
41026
41027
41028
32837
41030
32838
41031
41032
41033
41034
41036
41037
41038
49231
41039
49232
49233
41041
49234
41042
49235
41043
49236
41044
49237
41045
49238
41048
41051
41052
41054
41055
41056
41059
41060
41061
41064
41065
41066
41069
41070
41071
41074
41075
41076
16500
41078
41079
41080
41081
41082
41084
41085
41086
41087
41088
49294
49295
49296
49297
49298
49299
49301
49302
49303
49304
49305
49306
49307
49308
49309
49310
49315
49316
49317
49318
49319
49320
49321
49322
49323
49324
49325
49326
41134
41135
49327
41136
49328
41137
49329
41138
49330
49331
49332
41140
41141
49333
41142
41143
41144
41148
41149
41150
41151
41152
41154
41155
41156
41157
41158
41160
41162
41198
41199
41200
41202
41203
41204
41205
41206
41208
41209
41210
41211
41212
41214
41215
41216
41217
41218
41224
41225
41226
41229
41230
41231
41234
41235
41236
49437
41268
41269
41270
49463
41271
49464
41272
49465
41273
49466
41274
49467
41275
49468
41276
49469
49470
41278
49471
41279
49472
41280
49473
41281
49474
41282
49475
41284
49476
49477
41286
49478
41287
49479
41288
49480
49481
49482
41290
41291
49483
41292
49484
41293
49485
41294
49486
49487
41296
49488
41297
49489
41298
49490
41299
49491
49492
49493
41301
41302
49494
41303
49495
41304
49496
41305
49497
49498
49499
41308
49500
41309
49501
41310
41311
41313
41314
41315
41316
41317
41319
41320
41321
41322
41324
41325
41326
41327
41328
49623
49682
49783
49784
49785
49786
49787
49788
49789
49790
49791
49792
49793
49794
49795
49796
49797
49798
49799
49800
49801
49802
49803
49804
49805
49806
49807
41616
49808
41617
49809
41618
49810
49811
41620
49812
41621
49813
41622
41624
49816
41625
49817
41626
49818
49819
49820
41629
49821
41630
49822
41631
49823
49824
49825
41634
49826
41635
49827
41636
49828
49829
49830
41639
49831
41640
49832
41641
49833
49834
49835
41643
49836
41644
49837
41645
49838
41646
49839
41647
41648
49840
41649
49841
49842
41650
49843
41651
49844
41653
49845
41654
49846
41655
49847
41656
49848
49849
41658
41659
49851
41660
49852
49853
41661
49854
41662
49855
41664
41665
41666
41667
41668
41670
41671
41672
41673
41675
41676
41677
41678
41679
41681
41682
41683
41684
41712
41713
41714
41715
41716
49919
49949
49950
17182
49951
49952
41765
41766
41767
41768
49960
41770
41771
41772
49964
41773
41774
49967
49968
49975
49976
49977
49978
49979
49980
49981
49982
41791
49983
41792
41793
49985
41794
49986
41795
49987
41796
49988
41797
49989
41798
49990
41799
49991
49992
49993
49994
49995
49996
49997
49998
49999
50000
50001
50002
50003
50005
50006
50008
50009
50010
50011
50012
50014
50015
50016
50019
50020
50021
50022
41831
50023
41832
50024
41833
50025
50026
41835
50027
41836
50028
41837
50030
41839
41840
50032
41841
50033
50034
50035
50036
50037
50038
41847
50040
41848
50041
41849
50042
41850
41851
41852
41853
50046
41854
50047
41855
50048
41857
50049
41858
50050
50051
41859
50052
41860
41862
41863
41864
50056
41865
50059
41867
50060
41868
50061
41869
50062
41870
50063
41872
50064
41873
50065
41874
41875
50067
50068
50069
50070
50071
41880
50072
41881
50073
41882
50074
50075
41884
41885
41886
50078
50079
50080
50081
50082
41892
41893
41894
50087
50088
41897
50089
41898
50090
41899
41902
50094
41903
50095
41904
50096
50097
50098
41908
41909
41910
41912
41913
50105
41914
50106
50107
41915
41916
50108
50109
41918
41919
41920
41921
50113
50114
41922
50115
50116
41924
41925
50117
41926
50118
41927
41928
41930
41931
41933
25549
41934
41935
41937
41938
41939
41940
41941
41943
41944
41945
41946
41947
41949
41950
41951
41953
41954
41956
41957
41958
41959
41960
41962
41963
41964
41965
41966
41968
41969
41970
41971
41972
50169
50170
50171
50172
50173
50174
50175
50176
50177
50178
50179
50180
50181
50182
41990
50183
41991
50184
41992
50185
41993
50186
41994
50187
50188
41996
41997
50190
41998
50191
41999
50192
42001
50193
50194
42002
42003
50195
42004
50196
42005
50197
42006
50198
50199
42008
42009
50202
42010
50203
42011
42012
50205
50206
42014
42015
50207
42016
50208
42017
50209
42018
50210
50211
50212
50213
50214
50215
42027
42028
42029
42030
42031
42032
42033
42034
42035
50227
42036
50228
42037
50229
42038
50230
42039
42040
42041
50233
42042
50234
42043
50235
42044
42045
42046
42047
50240
50241
50242
50243
50244
42062
42063
50255
42064
42065
42066
42067
50259
42068
50260
42069
42070
50262
42071
50263
42072
50264
42073
50265
42074
50266
42075
50267
42076
50268
42077
50269
42078
50270
42079
50271
42080
50272
42081
50273
42082
50275
50276
50277
50278
50279
50283
50284
50285
50286
50290
50291
50292
50293
50294
50295
50296
50297
50298
50299
50300
50302
50303
50304
50305
42114
50306
42115
42116
50308
42117
50309
42118
50310
42119
50311
50312
50313
50314
50315
50316
50317
50318
50319
50324
50325
42133
42134
50326
50327
42135
42136
50328
42137
50333
50339
50340
50341
50342
50343
50344
50345
50346
50348
50349
50351
50352
50353
50354
50355
50356
50357
50358
50359
50360
50361
50362
50363
50364
50365
50366
42183
50375
42184
50376
42185
50377
50378
50379
42187
50380
42188
50384
50386
50387
50388
50391
50392
50393
50394
50396
50397
50398
50399
50400
50401
50402
50403
50404
50411
50412
50413
50414
50415
50416
50417
50418
50421
50423
50424
50425
50426
50427
50428
50429
50444
50447
50449
50450
50451
50452
50453
50454
50455
50456
50457
50458
50459
50460
50461
50462
50463
50464
50466
50467
50468
50469
50470
50472
50474
34100
50603
50604
50605
50606
50607
50608
50609
50610
50611
50612
50613
50614
50615
50616
50617
50618
50619
50620
50621
50622
50623
50624
50625
50626
50627
50628
50629
50630
50631
50632
50633
50635
50636
50638
50639
50640
50641
50642
50643
50644
50645
50646
50647
50648
50649
50650
50651
50652
50653
50654
50655
50656
50657
50658
50659
50660
50661
50663
50664
50665
50667
50668
50670
50671
50672
50673
50674
50675
50676
26100
50677
50678
50679
50680
50681
50682
50684
50685
50686
50687
50688
50689
50690
50691
50692
50693
50694
50695
50696
50697
50698
50699
50700
50701
50702
50703
50704
50705
50706
50707
50708
50709
50710
50711
50712
50713
50714
50715
50716
50717
50718
34334
50719
50720
50721
50722
50723
50724
50725
50726
50727
50728
50729
50730
50731
50732
50733
50734
50735
50736
50737
50738
50759
50760
50761
50762
50763
50764
50765
50766
50767
50768
50769
50771
42579
50772
42580
50773
50774
50775
50776
42584
50777
42585
50778
50779
50780
50781
42589
50782
50783
42591
50784
50785
50786
50787
50788
50789
50790
42598
50791
42599
50792
50793
50794
50795
42603
50796
42604
50797
50798
50799
50800
42608
50801
42609
50802
50803
50804
50805
50806
50807
42615
50808
42616
50809
50810
50811
50812
42621
42622
50819
50820
50821
50822
50823
50824
50825
50826
50827
50828
50830
50831
50832
50833
50834
50835
50836
50837
50838
50839
50841
50842
50843
50844
50845
50846
50847
50848
50849
50850
50852
50853
50854
50855
50856
50857
50858
50859
50860
50861
50862
50863
50864
50865
50866
50867
50868
50869
10000
50965
50966
50967
50968
50969
50970
50971
50972
50973
50974
50975
50976
50977
50978
50979
50980
34597
50981
50982
50983
50984
50985
50986
50987
50988
50989
50990
50991
50992
50993
50994
50995
50996
50997
50998
50999
51000
51001
51002
51003
51004
51005
51006
51007
51008
51009
51010
51011
51012
51013
51014
51015
51016
51017
51018
51019
51020
51021
51022
51023
51024
51025
51026
42853
42854
34700
51125
51126
51127
51128
51129
51130
51131
51132
51133
51134
51135
42943
51136
42944
51137
42945
51138
42946
51139
42947
51140
42948
51141
42949
51142
42950
51143
42951
51144
42952
51145
51146
51147
51148
51149
51150
51151
51152
51153
51154
51155
51156
51157
51158
51159
51160
51161
51162
51163
51164
51165
51166
51167
51168
51169
51170
51171
51172
51173
51174
51175
51176
42984
51177
42985
51178
51179
51180
51181
51182
51183
42991
51184
42992
51185
51186
51187
51188
51189
51190
51191
51192
51193
51194
51195
51196
51197
51198
51199
51200
51201
51202
51203
51204
51205
51206
51207
51208
51209
51210
51211
51212
51213
51214
51215
51216
51217
51218
51219
51220
51221
51222
51223
51224
51225
51226
51227
51228
51229
51230
51231
51232
51233
51234
51235
51236
51237
51238
51239
51240
51241
51242
51243
51244
51245
51246
51247
51248
51249
51250
51251
51252
51253
51254
51255
51256
51257
51258
51259
51260
51261
51262
51263
51264
51265
51266
51267
51268
51269
51270
51271
51272
51273
51274
51275
51276
43085
51277
51278
51279
51280
51281
51282
51283
51284
51285
51286
51287
51288
51289
51290
51291
51292
51293
51294
51295
51296
51297
51298
51299
51300
51301
51302
51303
51304
51305
51306
51307
51308
51309
51310
51311
51312
51313
51314
51325
51326
51327
51328
51329
51330
51331
51332
51333
51334
51335
51336
51337
51338
51339
51340
51341
51342
43151
51343
51344
51345
51346
43154
51347
43155
51348
43156
51349
43157
51350
51351
51352
51353
51354
51355
51356
51357
51358
51359
51360
51361
51362
51363
51364
51365
51366
51367
51368
51369
51370
51371
51372
51373
51374
51375
51376
51377
51378
51379
51380
51381
51382
51383
51384
51385
51386
51387
51388
51389
51390
51391
51392
51393
51394
51395
51396
51397
51398
51399
51400
51401
51402
51403
51404
51405
51406
51407
51408
51409
51410
51411
51412
51413
51414
51415
51416
51417
51418
51419
51420
51421
51422
51423
51424
51425
51426
51427
51428
51429
51430
51431
51432
51433
51434
51435
51436
51437
51438
51439
51440
51441
51442
51443
51444
51445
51446
51447
51448
51449
51450
51451
51452
51453
51454
51455
51456
51457
51458
51459
51460
51461
51462
51463
51464
51465
51466
51467
51468
43277
51469
43278
51470
43279
51471
43280
51472
43281
51473
43282
51474
43283
51475
43284
51476
43285
51477
43286
51478
43287
51479
51480
51481
51482
51483
51484
51485
51486
51487
51488
51489
51490
51491
51492
43300
51493
51494
51495
51496
43305
51497
43306
51498
51499
51500
43309
51501
43310
51502
43311
51503
43312
51504
43313
51505
51506
51507
51508
51509
51510
10550
51511
51512
51513
51514
51515
51516
51517
51518
51519
51520
51521
51522
51523
51524
51525
51526
51527
51528
51529
51530
51531
51532
51533
51534
51535
51536
51537
43345
43346
51538
51539
43347
51540
43348
51541
43349
51542
51543
51544
43353
51545
51548
43358
51550
51551
51552
51553
51554
43363
51555
51556
51561
51562
51563
51564
51565
51566
43375
51568
51569
51570
51571
51572
51573
43382
51574
51575
51576
51577
51578
43387
51579
51580
51581
51582
51583
51584
51585
51586
43400
43401
43402
43403
43404
43405
43406
43407
43408
43409
43410
43411
35221
35279
35280
43500
51777
51779
51782
51783
51784
51785
51786
51787
19019
51788
51789
51790
51791
51792
51795
51796
51797
51798
51799
19031
51800
19032
51801
51802
51803
43611
43612
43613
51811
51812
51813
51814
51815
51816
51817
68200
51818
51819
51820
51821
51822
51823
51824
51825
51826
51827
51828
51829
51830
51831
51832
51833
51834
51835
51836
51837
51838
51839
51840
51841
51842
51843
51844
51845
51846
51847
51848
51849
51850
51851
51852
51853
51854
51855
51856
51857
51858
51859
51860
51861
51862
51863
51864
51865
51866
51867
51868
51869
51870
51871
51872
51873
51874
51875
51876
51877
51878
51879
51880
51881
51882
51883
51884
51885
51886
51887
51888
51889
51890
51891
51892
51893
51894
51895
51896
51897
51898
51899
51900
51901
51902
51903
51904
51905
51906
51907
51908
51909
51910
51911
51912
51913
51914
51915
51916
51917
51918
51919
51920
51921
51922
51923
51924
51925
51926
51927
51928
19160
51929
51930
51931
51932
51933
51934
51935
51936
51937
51938
51939
51940
51941
51942
51943
51944
51945
51946
51947
35570
35571
35572
35573
35574
35575
35576
35577
35578
35579
35580
35583
35584
35585
35587
35588
35589
35590
35591
35592
35593
35594
35595
35596
35597
35598
35599
35600
35601
35602
35603
35604
35605
35606
35607
35608
35609
35610
35611
35612
35613
35614
35615
35616
35617
35618
35619
35620
35630
35631
35632
35633
35634
35635
35636
35637
35638
52022
35639
52023
35640
35641
52025
35642
52026
35643
52027
35644
52028
35645
52029
35646
52030
35647
35649
35650
35651
35652
35653
35654
35655
35656
35657
35658
35659
35660
35661
35662
35663
35670
35672
35673
35675
35676
35677
35678
35679
35680
35681
35682
35683
43988
43989
43990
43991
43992
43993
43994
43995
43996
43998
44000
44002
44003
44004
44005
44006
44007
44008
44011
44049
44050
44051
44052
44053
44054
44055
44057
44058
44059
44060
44061
44062
44064
44065
44066
44067
44068
44069
44071
44072
44073
44074
44075
44076
44078
44081
19505
44082
19506
44084
44087
44088
44089
44091
44092
44093
44094
44095
44096
44097
44098
44099
44100
44101
44102
44103
44104
44105
44106
44107
44108
44109
44110
44111
44112
44115
44116
44117
44118
44120
44121
44122
44123
44129
44130
44131
44132
44133
44134
44135
44136
44137
44138
44139
44140
44141
44149
44150
44152
44159
44166
44167
44170
44171
44173
44174
44176
44179
44180
44181
44182
44183
44187
44188
44189
44190
44192
44193
44194
44195
44196
44197
44198
44199
44200
44201
44202
44203
44204
44205
44214
44216
44239
44240
44241
44242
44243
44244
44245
44247
44248
44249
44250
44256
44257
44258
44283
44295
44296
44297
44302
44303
44305
44306
44308
44309
44310
44311
44312
44313
52569
52570
52571
52572
52676
44502
44503
44509
44510
44511
44512
44569
44577
44650
44657
44658
44659
44660
44661
44662
44664
44665
44701
44702
20131
20132
44716
44717
44719
44722
12000
44891
44892
44893
44894
44895
44896
44897
44898
44899
44900
44901
44902
44903
44904
44905
44906
44907
44908
44909
44910
53103
44912
44914
53110
53111
53112
53113
53114
53115
53116
53117
53118
53119
53121
53125
53126
53127
53129
44937
44938
53132
53133
53134
44957
36783
36784
44990
45086
45106
45107
45108
45109
45110
45111
45112
45113
45114
45115
45116
45117
45118
45119
45132
45133
36941
45134
36943
45135
36944
45136
36945
45137
36946
45138
36947
45139
36948
45140
36949
45141
36950
45142
36951
45143
36952
45144
36953
45145
36954
45146
45147
45148
45149
45150
45151
36961
36962
45157
45158
36969
45161
45162
36971
36972
45164
36973
45165
36974
45166
36975
45167
36976
45168
36977
45169
36978
45170
36979
45171
36980
28788
36981
36982
36983
36984
36985
36986
36988
36989
36991
36992
36993
45185
36994
45186
36995
45187
36996
36997
36999
37000
45193
45224
45225
45226
45227
45228
37037
37038
37040
45232
45233
45234
37043
45235
45236
45237
45238
45239
37048
45240
45241
37050
45242
37051
45243
37052
45244
37053
45245
45246
37055
45247
37056
45248
37057
45249
37058
45250
45251
37060
45252
37061
45253
37062
45254
45255
37064
45256
37065
45257
37066
45258
37067
45259
37068
45260
37069
45261
37070
45262
45263
45264
45265
45266
45267
45268
45269
45270
37079
45271
45272
37081
45273
37082
45274
37083
45275
37084
37086
37088
45282
45283
45284
45285
45286
37095
45287
37096
45288
45289
37099
45291
45292
45293
45294
53486
45295
53487
45296
53488
37105
45297
53489
37106
45298
53490
37107
45299
37108
45300
37109
45301
37110
45302
37111
45303
37112
45304
37113
45305
37114
45306
37115
45307
37116
45308
37117
45309
45310
45311
45312
45313
45314
45315
45316
45317
45318
45319
45320
45321
45322
45324
45325
37134
45326
37135
45327
45329
37138
45330
37139
45331
45332
37141
45333
45334
45335
37144
45336
45337
45338
45339
45340
37149
45341
37150
45342
37151
45343
37152
45344
37153
45345
45346
37155
45347
45348
45349
45351
45352
45353
37162
45354
45355
45356
37165
45357
37166
45358
37167
45359
45360
37169
45361
37170
45362
37171
45363
37172
45364
45365
45367
45368
37177
45369
37178
45370
37179
45371
37180
45372
37181
45373
37182
45374
37183
45375
37184
45376
45377
37186
45378
45379
37188
45380
37189
45381
37190
45382
37191
45383
37192
45384
37193
45385
37194
45386
37195
45387
37196
45388
37197
45389
45390
45391
45392
45393
45394
45395
45396
45397
45398
45399
45400
45401
45402
45403
45404
45405
45406
37216
45408
37217
45409
37218
45410
37219
45411
37220
45412
37221
45413
37222
45414
45415
45416
45417
45418
45419
45420
45421
37230
45422
45423
37232
45424
45425
45426
37235
45427
37236
45428
37237
45429
37238
45430
45431
37240
45432
37241
45433
37242
45434
37243
45435
45436
45437
45438
45439
45440
45441
45442
45443
45444
45445
45446
37254
37255
45447
37256
45448
37257
45449
37258
45450
45451
37260
45452
37261
45453
37262
45454
37263
45455
37264
45456
45457
45458
45459
45460
45461
45462
45463
45464
45466
45467
45468
45469
45470
45471
45472
45473
45474
45479
37288
45480
37289
45481
37290
45482
37291
45483
37292
45484
37293
45485
37294
45486
45487
45488
45489
45490
45491
45492
45493
45494
45495
45496
45497
45498
45501
45502
45503
45504
45505
45506
45507
45508
45509
45510
45511
45512
45513
45514
45515
45516
45517
45518
45519
45520
45521
45522
45523
45524
45525
45527
45529
45530
45531
45532
45533
45534
45535
45536
45537
45538
45539
45540
45541
45542
45543
45544
45547
45548
45549
37360
37361
37362
37363
37364
37365
37366
37367
37368
37369
37370
37371
37373
37374
37376
37377
45570
37379
45574
37384
45577
45578
45579
45580
37389
45581
37390
45582
45583
45584
45585
37395
45587
45588
37397
37398
37401
45594
37407
45599
37408
37409
37410
45605
45607
45608
45609
45610
45611
45612
45613
45614
45615
45616
45617
45618
45619
45620
37449
37461
37462
37463
37464
45663
45665
45675
45676
45677
45679
45680
45682
45685
45686
45687
45694
45695
45696
45697
45698
45699
45700
45701
45702
45703
45704
45706
45707
45708
45709
45711
45712
45713
45774
37587
37590
37591
37592
37593
37594
37595
45787
37612
37613
37614
37615
37616
37617
37618
37619
37620
37622
45814
37623
45815
37624
37625
45817
37626
37627
45819
37628
45820
37629
45821
37630
45822
37631
45823
37632
45824
37633
45825
37634
45826
37635
45827
37636
45828
37637
45829
37638
45830
37639
45831
37640
45832
37641
45833
37642
45834
37643
45835
37644
45836
37645
45837
37646
45838
37647
45839
37648
45840
45841
37650
45842
37651
45843
37652
45844
37653
45845
37654
45846
37655
45847
37656
45848
37657
37658
37660
45857
37666
37667
37668
37669
37670
37671
37672
45864
37673
45865
45866
37675
45867
45868
45869
37678
45870
37679
45871
37680
45872
37681
45873
37682
45874
37683
37684
45876
37685
45877
37686
37687
37688
37689
37690
37691
37692
37693
37694
45886
37695
45887
37696
45888
45892
45893
45894
45895
37712
37714
37715
37717
37718
37721
37722
37723
37724
37725
37726
37728
37729
37730
37731
37732
37733
37734
37735
45927
45928
45929
45930
45931
45933
45934
45935
45936
45940
45941
45943
45945
45946
45947
37758
13200
45972
45973
45974
45975
37784
45976
37788
45982
37791
45983
45988
45989
37798
45990
37799
37800
37801
45993
45996
45997
37814
46008
46009
37818
46010
46011
46012
46013
37821
46014
46015
46016
37825
46017
37826
46018
46019
46021
46022
46024
46025
37835
46028
37836
46030
46031
37840
46032
37841
46033
37842
46034
37843
46035
37844
46036
37845
46037
37846
46038
46039
37848
46040
37849
46041
37850
46042
37851
46043
37852
46044
37853
46045
37854
46046
37855
46047
37856
46048
37857
46049
37858
46050
46051
46052
37861
46053
37862
46057
46058
37867
46059
37868
46060
37869
46061
37870
46062
37871
46063
37872
46064
37873
46065
37874
46066
37875
46067
37876
46068
46071
46072
46073
46074
37883
46075
37884
46076
46077
37886
46078
46079
46080
37889
46081
37890
46082
37891
46083
46084
46085
46086
46087
46088
46095
46096
46097
21524
21525
46111
46113
46115
46116
46117
46118
46119
46120
46121
46122
46123
46124
46125
46126
46127
46129
46130
46131
46132
46133
46134
46135
46136
46137
46138
46139
46140
46141
46142
46143
46144
46145
46146
46148
46149
46150
46151
46152
46153
46154
46155
46156
46157
46158
46159
46160
46161
46162
46163
46164
46165
46166
46167
46168
46169
46170
46172
46173
46174
46175
46176
46177
46178
46179
46180
46181
46182
46183
46184
46185
46186
46187
46188
46189
46190
46191
46192
46193
46194
46195
46196
46197
46198
46199
46200
46201
46202
46203
46204
46205
46206
46207
46208
46209
46210
46211
46212
21700
54500
46312
46313
46320
46321
46322
46323
46339
46340
46341
46342
46343
46344
46345
46346
46347
46350
46351
54556
54557
54558
54559
54560
54561
54562
54563
54564
46373
54565
46374
54566
54567
54569
54571
54572
54573
54576
54577
54578
54579
54580
54581
54582
54583
54584
54585
54586
54587
54588
54589
54590
54591
38350
38351
38353
38354
38355
38356
38357
38358
38359
38360
38361
38362
38363
38364
38365
38366
38367
38368
38452
38453
38454
38455
38456
38457
38458
38459
38460
38461
38462
38463
38464
38465
38500
30311
30312
30313
30314
30316
30317
30318
30319
38611
38613
38614
38615
38616
55000
38617
38618
46817
46818
46874
46958
46959
46960
46961
46962
46963
46964
46965
46966
46967
46968
46969
46970
46971
46972
46973
46974
46975
46976
46977
46979
46980
46985
46986
46988
46989
46990
46991
46992
46993
46994
46995
46996
46997
46999
47000
47001
47002
47003
47004
47041
47042
47043
47051
47052
47053
47054
47055
47056
47057
47059
47060
47061
47062
47063
47064
47066
47067
47068
47069
47070
47071
47072
47073
47074
47075
47076
47077
47078
47079
47080
47081
47082
47083
47084
47085
47086
47087
47088
47089
47090
47092
47093
47094
47095
47096
47097
47098
47099
47104
47105
47106
47107
47108
47109
47110
47111
47112
47113
47114
47115
47116
47121
47126
47129
47130
47131
47132
47133
47138
47139
47140
47141
47142
47143
47144
47145
47146
47147
47148
47149
47150
47151
47152
47153
47154
47155
47156
47157
22589
47170
47171
47172
47173
47174
47175
47176
47177
47178
47181
47182
47183
47184
47185
47186
47187
47188
47189
47190
47191
47192
47193
47194
47195
47197
47199
47200
47201
47202
47203
47204
47205
47206
22630
47207
22631
47208
22632
47209
47210
47211
47212
47213
47214
47215
47216
47217
47218
47219
47220
47221
47222
47223
47224
47225
47226
47227
47228
47229
47230
47231
47232
47233
47234
47235
47236
47237
47238
47239
47240
47243
47244
47245
47248
47249
47250
47251
47252
47253
47254
47255
47256
47257
47258
47259
47260
47261
47262
47263
47264
47265
47266
47267
47268
47269
47270
47271
47272
47273
47274
47275
47276
47277
47278
47279
47280
47281
47282
47283
47284
47285
47286
47287
47288
47289
47290
47291
47292
47293
47294
47295
47296
47297
47298
47299
47300
47301
47302
47303
47304
47305
47306
47307
47308
47309
47310
47311
47312
22736
47313
47314
47315
47316
47317
47318
47319
47320
47321
47322
47323
47324
47325
47326
47327
47328
47329
47330
39139
39140
39141
39146
39188
39189
39190
39191
39192
39193
39194
39195
39196
39197
39198
39199
39200
39215
39216
39217
47412
39221
47413
47414
47415
39224
47416
39225
47417
39226
47418
47419
39228
47420
39229
47421
39230
47422
39231
47423
39232
47424
39233
47425
39234
47426
39235
47427
39236
47428
39237
47429
47430
39239
47431
39240
47432
39241
47433
39242
47434
39243
47435
39244
47436
39245
47437
39246
47438
39247
47439
39248
47440
39249
47441
39250
47442
39251
47443
39252
47444
47445
39254
47446
39255
47447
39256
47448
39257
47449
39258
47450
39259
47451
39260
47452
39261
47453
39262
47454
47455
47456
47457
47458
39267
47459
47460
47461
39270
47462
39271
47463
39272
47464
39273
47465
39274
47466
39275
47467
39276
47468
39277
47469
39278
47470
39279
47471
39280
47472
39281
47473
39282
47474
39283
47475
39284
47476
39285
47477
47478
47479
47480
47481
47482
39291
39292
47484
39293
47485
39294
47486
39295
47487
39296
39297
47489
39298
47490
39299
47491
47492
47493
47494
47495
47496
47497
39306
47498
39307
39308
47500
39309
47501
39310
47502
39311
47503
47504
47506
47508
47509
47510
47511
47512
47513
47514
47515
47516
47517
47518
47519
47520
47521
47522
47523
47524
47525
47526
47527
47528
47529
39344
39345
47545
47546
47547
47548
47549
47550
47551
47552
47553
47554
47560
39369
47561
47562
47563
47564
47565
47566
47567
47568
47569
39379
22999
39386
47578
39388
39389
39390
39391
39392
39393
39394
39395
39396
39397
39398
39399
39401
39403
39404
39405
39407
39408
39409
39415
47607
39416
47608
39417
47609
47610
39419
47611
39420
47612
39421
47613
39422
47614
39423
47615
39424
47616
39425
47617
39426
47618
39427
47619
47620
47621
47658
39467
47659
39468
47660
47661
39470
47662
47663
39472
47664
39473
47665
47666
47667
47668
47669
47670
47671
47672
47673
47674
47675
47676
47677
47678
47679
47680
47681
47682
47683
39491
39492
47684
39493
47685
39494
47686
39495
47687
39496
47688
39497
47689
39498
47690
39499
47691
39500
47692
47693
47694
47695
47696
47697
47698
47699
47700
47701
47702
47703
47704
47705
39514
47706
39515
47707
47708
39517
47709
39518
47710
39519
47711
47712
39521
47713
47714
39523
47715
47716
47717
47718
47719
39528
47720
47721
39529
39530
39531
47724
47725
39534
47726
39535
47727
39536
47728
47729
39538
47730
39539
47731
47732
47733
39542
47734
39543
47735
39544
47736
47737
39545
39546
47738
39547
47739
47740
39548
47741
47742
47743
47744
47745
39553
39554
47746
39555
47747
39556
47748
39557
47749
39558
47750
47751
39560
47752
47753
39561
47754
47755
39564
47756
39565
47757
47758
47759
47760
47761
47762
47763
47764
47765
47766
47767
15000
47768
23192
47769
47770
39578
39579
47771
39580
47772
47773
39581
39582
47774
47775
39583
47776
47777
47778
47779
39588
47780
39589
47781
47782
39590
39591
47783
39592
47784
39593
47785
39594
47786
39595
47787
39596
47788
31404
39597
47789
31405
47790
47791
47792
39601
47793
39602
47794
39603
47795
39604
47796
39605
47797
39606
47798
39607
47799
47800
39608
39609
47801
47802
39610
39611
47803
39612
47804
47805
39613
47806
47807
47808
39617
47809
39618
47810
47811
39619
39620
47812
47813
39621
39622
47814
39623
47815
39624
47816
39625
39626
39627
39628
39629
39630
39631
39632
39633
39634
39635
39636
47829
39637
39638
47830
39639
47832
39640
39641
47834
39642
47835
47836
47837
47838
39657
47849
47850
47851
47852
47853
47854
47855
47856
47857
47858
47859
47860
47861
47862
47863
39671
47864
47865
47866
47867
47868
47869
47870
47871
47872
47873
47874
47875
47876
47877
47878
47879
47880
47881
47882
47883
47884
47885
47886
47887
47888
47889
47890
47891
47892
39701
47893
39702
47894
39703
47895
39704
47896
47897
39706
47898
47899
47900
47901
47902
47903
39712
47904
47905
39714
47906
47907
39716
47908
39717
47909
39718
47910
39719
47911
39720
39721
47913
39722
47914
39723
47915
39724
47916
39725
47917
39726
47918
39727
47919
39728
47920
39729
47921
39730
47922
39731
47923
39732
47924
39733
47925
39734
47926
39735
47927
47928
47929
47930
47931
47932
47933
47934
47935
47936
47937
47938
47939
47940
47941
47942
47943
47944
47945
47946
47947
39756
47948
39757
47949
39758
47950
39759
47951
39760
47952
39761
47953
39762
47954
39763
47955
39764
47956
39765
47957
39766
47958
39767
47959
39768
47960
47961
47962
47963
47964
15196
47965
15197
47966
15198
47967
15199
47968
47969
47970
47971
47972
47973
47974
47975
47976
47977
47978
47979
47980
47981
47982
47983
47984
47985
47986
47987
47988
47989
47990
47991
47992
47993
47994
47995
47996
47997
47998
47999
48000
48001
48002
48003
48004
48005
48006
48007
48008
48009
48010
48011
48012
48013
48014
48015
48016
48017
48018
48019
48020
48021
48022
48023
48024
48025
48026
48027
48028
48029
48030
48031
48032
48033
48034
48035
48036
48037
48038
48039
48040
48041
48042
48043
48044
48045
48046
48047
48048
48049
48050
48051
48052
48053
48054
48055
48056
48057
48058
48059
48060
48061
48062
48063
48064
48065
48066
48067
48068
48069
39878
48070
48071
48072
48073
48074
48075
48076
48077
48078
48079
48080
48081
48082
48083
48084
48085
48086
48087
48088
48089
48090
48091
48092
48093
48094
48095
48096
48097
48098
48099
48100
48101
48102
48129
48130
48131
48132
48133
48134
48135
48136
48137
48138
48139
48140
48141
48142
48143
48144
48145
48146
48147
48148
48149
48150
48151
48152
48153
48154
48155
48156
48157
31773
48158
31774
48159
31775
48160
31776
48161
31777
48162
31778
48163
31779
48164
31780
48165
31781
48166
48167
48168
48169
48170
48171
48172
48173
48174
48175
48176
48177
48178
48179
48180
48181
48182
48183
48184
48185
48186
48187
48188
31804
48189
48190
48191
48192
48193
48194
48195
48196
48197
48198
48199
48200
48201
48202
48203
48204
48205
48206
48207
48208
48209
48210
48211
48212
48213
48214
48215
48216
48217
48218
48219
48220
48221
48222
48223
48224
48225
48226
48227
48228
48229
48230
48231
48232
48233
48234
48235
48236
48237
48238
48239
48240
48241
48242
48243
48244
48245
48246
48247
48250
48251
48252
40060
40061
48253
48254
40062
40063
48255
48256
40064
40065
48257
48258
40067
48259
48260
40069
48261
48262
40071
48263
48264
48265
40074
48266
40075
48267
48268
48269
48270
48271
40080
48272
48273
48274
48275
48276
48277
48278
40087
48279
48280
48281
48282
48283
48284
48285
48286
48287
48288
48289
48290
48291
48292
48293
48294
48295
48296
48297
48298
40107
48299
40108
48300
48301
48302
48303
48304
48305
48306
48307
48308
48309
48310
48312
48313
48314
48315
48316
48317
48318
48319
48320
48321
48322
48323
48324
48325
48326
48327
48328
48329
48330
48331
48332
48333
48334
48335
48336
48337
48338
48339
48340
48341
48342
48343
48344
48345
48346
48347
48348
48349
48350
48351
48352
48353
48354
48355
48356
48357
48358
48359
48360
48361
48362
48363
48364
48365
48366
48367
48368
48369
48370
48371
48372
48373
48374
48375
40184
48376
48377
40185
40186
48378
48379
40187
40188
48380
40189
48381
40190
48382
40191
48383
40192
48384
40193
48385
40194
48386
48387
40196
48388
48389
40197
40198
48390
48391
48392
40200
40201
48393
48394
40203
48395
40204
48396
40205
48397
40206
48398
40207
48399
40208
48400
40209
40210
40233
40234
40235
40236
40237
48429
40238
48430
40239
40240
40241
48433
40242
40243
40244
48436
40245
40246
40247
40249
40250
40251
40252
48445
40253
48446
40254
40255
48447
40256
48448
48449
40257
40258
48450
40259
48451
48452
40260
40261
48453
40262
48454
40263
48455
40264
48456
48457
40265
40266
48458
48459
40267
40268
48460
40269
48461
48462
40270
40271
48463
48464
40272
40273
48465
40274
48466
40275
48467
48468
40277
48469
40278
48470
40279
40280
48472
40281
40282
48474
40283
48476
40284
40285
40286
48478
40287
48480
40288
40289
48481
48482
48483
48484
48485
40294
48486
48487
40296
48488
40297
48489
40298
48490
40299
48491
40300
48492
40301
48493
40302
48494
40303
48495
40304
48496
48497
40305
40306
48498
48499
48500
48501
48502
48503
48504
48505
40315
40316
40317
40318
40319
40320
40321
40322
40323
40324
40325
40326
40327
40328
40329
40330
40331
40332
40333
40334
40335
40336
40337
48529
40338
40339
48531
40340
48533
40341
40342
40343
48535
40344
48537
40345
40346
48538
48539
40347
40348
48540
48541
40349
40350
48542
40351
48543
40352
48544
48545
48546
48547
48548
48549
48550
48551
48552
48553
48554
40362
40363
48555
48556
40365
48557
40366
48558
48559
40367
40368
48560
48561
40369
40370
48562
40371
40372
48564
40373
40374
48566
40375
48568
40376
40377
40378
40379
40380
48572
40381
48574
40382
40383
48575
23999
48576
40384
40385
48577
48578
40386
40387
48579
40388
48580
24004
48581
48582
48583
48584
48585
48586
40395
48587
40396
48588
48589
40398
48590
48591
40399
40400
48592
48593
40401
40402
48594
40403
48595
48596
40405
48597
48598
40406
40407
48599
40408
40409
40410
48602
48603
40412
48604
48605
40414
48606
40415
48607
48608
40416
40417
48609
40418
48610
40419
48611
40420
48612
40421
48613
40422
48614
40423
48615
40424
48616
48617
40426
48618
40427
48619
40428
48620
40429
48621
40430
48622
48623
40431
40432
48624
48625
40433
48626
48627
48628
40437
48629
48630
40438
40439
48631
48632
48633
48634
48635
48636
40445
48637
48638
40446
40447
48639
40448
48640
40449
48641
40450
48642
40451
48643
48644
40453
48645
40454
48646
40455
48647
40456
48648
40457
48649
40458
48650
40459
48651
40460
48652
48653
40461
40462
48654
40463
48655
48656
40465
48657
40466
48658
40467
48659
40468
48660
40469
48661
40470
40471
40472
40473
40474
48666
40475
48667
48668
48669
48670
48671
48672
48673
48674
48675
48677
40486
40488
40489
40491
48683
40493
48685
40494
40495
48687
40496
40497
48689
40499
48691
40500
48693
40502
40503
48695
40504
48697
40505
40506
48699
40507
40508
40509
48701
40510
40511
48703
40512
48705
40513
40514
40515
48708
40516
40517
48709
48710
40518
40519
48711
40520
48712
48713
40521
40522
48714
40523
40524
48716
40525
40526
48718
40527
40528
40529
40530
48722
40531
40532
48724
40539
40541
40543
40544
40545
40546
40547
40548
40549
40550
40552
40554
40555
40556
40557
40558
40559
40560
40561
40562
40563
40564
40565
40566
40567
40568
40569
40570
40571
40572
40573
40574
40575
40576
40577
40578
40579
40580
40581
40583
40584
40588
40589
40590
40591
40592
40594
40602
32445
40643
40678
40679
40680
40681
40682
40683
40684
40685
40688
40689
40691
40692
40693
40694
40695
40696
40697
40698
40699
40700
40701
40702
40703
40704
40705
40706
40707
40708
40709
40710
40711
40712
40713
40714
40715
40716
40717
40718
40719
40720
40721
40722
40723
40724
24344
40733
40734
40735
40736
40737
40738
40739
40740
40741
40742
40743
40745
40746
40747
40748
40749
40750
40751
40778
40779
40780
40781
40782
48974
40783
48975
40784
48976
40785
48977
40786
48978
40787
48979
40788
48980
40789
48981
40790
48982
40791
48983
40792
48987
48988
40797
40798
48990
40799
48991
48992
40801
48993
40802
48994
40803
40804
40805
48997
40806
48998
40807
48999
40808
49000
40809
40810
40811
40812
40816
40817
40818
40819
40820
40821
40822
40823
40824
40825
40826
40827
40828
40829
40830
40831
40836
40837
40838
40840
40841
40842
40844
40845
40846
40847
40848
40849
40850
40851
40852
40856
40857
40858
40859
40860
49052
40861
40862
49054
40863
40864
40866
40867
40868
40869
40870
40871
40872
40875
40879
40880
40881
40882
40883
40884
40888
40889
40890
49086
40898
40904
40905
40907
40910
40918
40925
40926
40927
40928
40930
40931
40932
40933
40934
40936
40937
40938
40939
40940
